 K = 0.01796572
Po = 0.2
 Z = 0.7965
 W = 5.1954
 J = 0.0037
Kt = 0.034228
 B = 0.0054492


Kp = ((-K + (2 * Po * Z * W * J) + (W^2 * J)) / Kt)

Ki = ((Po * W^2 * J) / Kt)

Kv = (-B + (Po * J) + 2 *(Z * W * J)) / Kt