 Ro = 4
Kid = 0.01796572
 Kt = 0.034228
 Kp = 2
 
 
 Ess = Ro * (Kid / (Kid + Kt * Kp))