 K = 0.0254
 I = 0.635
m1 = 0.068
m2 = 0.27
l1 = 0.156
l2 = 0.063
mh = 0.048
Lh = 0.284
 g = 9.81

 
Kt = ((-m2 * g * l2) + (m1 * g * l1) + ((1/2 * mh) * g * Lh)) / I